solid 
   facet normal 1.000000e+00 0.000000e+00 -0.000000e+00
      outer loop
         vertex 1.500000e+01 -2.500000e+01 5.000000e+00
         vertex 1.500000e+01 -3.000000e+00 5.000000e+00
         vertex 1.500000e+01 -3.000000e+00 1.000000e+01
      endloop
   endfacet
   facet normal 1.000000e+00 0.000000e+00 0.000000e+00
      outer loop
         vertex 1.500000e+01 -2.500000e+01 5.000000e+00
         vertex 1.500000e+01 -3.000000e+00 1.000000e+01
         vertex 1.500000e+01 -2.500000e+01 1.000000e+01
      endloop
   endfacet
   facet normal 0.000000e+00 1.000000e+00 -0.000000e+00
      outer loop
         vertex -3.000000e+00 1.500000e+01 1.000000e+01
         vertex -3.000000e+00 1.500000e+01 5.000000e+00
         vertex -2.500000e+01 1.500000e+01 5.000000e+00
      endloop
   endfacet
   facet normal 0.000000e+00 1.000000e+00 0.000000e+00
      outer loop
         vertex -3.000000e+00 1.500000e+01 1.000000e+01
         vertex -2.500000e+01 1.500000e+01 5.000000e+00
         vertex -2.500000e+01 1.500000e+01 1.000000e+01
      endloop
   endfacet
   facet normal 0.000000e+00 0.000000e+00 1.000000e+00
      outer loop
         vertex -1.227742e-16 -2.500000e+01 1.500000e+01
         vertex 1.000000e+01 -2.500000e+01 1.500000e+01
         vertex -2.500000e+01 2.981057e-15 1.500000e+01
      endloop
   endfacet
   facet normal 0.000000e+00 0.000000e+00 1.000000e+00
      outer loop
         vertex 1.000000e+01 -2.500000e+01 1.500000e+01
         vertex 1.000000e+01 -3.000000e+00 1.500000e+01
         vertex -2.500000e+01 2.981057e-15 1.500000e+01
      endloop
   endfacet
   facet normal 0.000000e+00 0.000000e+00 1.000000e+00
      outer loop
         vertex -2.500000e+01 2.981057e-15 1.500000e+01
         vertex 1.000000e+01 -3.000000e+00 1.500000e+01
         vertex -2.500000e+01 1.000000e+01 1.500000e+01
      endloop
   endfacet
   facet normal 0.000000e+00 0.000000e+00 1.000000e+00
      outer loop
         vertex 1.000000e+01 -3.000000e+00 1.500000e+01
         vertex 9.969694e+00 -2.112849e+00 1.500000e+01
         vertex -2.500000e+01 1.000000e+01 1.500000e+01
      endloop
   endfacet
   facet normal 0.000000e+00 0.000000e+00 1.000000e+00
      outer loop
         vertex -2.500000e+01 1.000000e+01 1.500000e+01
         vertex 9.969694e+00 -2.112849e+00 1.500000e+01
         vertex -3.000000e+00 1.000000e+01 1.500000e+01
      endloop
   endfacet
   facet normal 0.000000e+00 0.000000e+00 1.000000e+00
      outer loop
         vertex 9.969694e+00 -2.112849e+00 1.500000e+01
         vertex 9.878918e+00 -1.229834e+00 1.500000e+01
         vertex -3.000000e+00 1.000000e+01 1.500000e+01
      endloop
   endfacet
   facet normal 0.000000e+00 0.000000e+00 1.000000e+00
      outer loop
         vertex -3.000000e+00 1.000000e+01 1.500000e+01
         vertex 9.878918e+00 -1.229834e+00 1.500000e+01
         vertex -2.112849e+00 9.969694e+00 1.500000e+01
      endloop
   endfacet
   facet normal 0.000000e+00 0.000000e+00 1.000000e+00
      outer loop
         vertex 9.878918e+00 -1.229834e+00 1.500000e+01
         vertex 9.728093e+00 -3.550718e-01 1.500000e+01
         vertex -2.112849e+00 9.969694e+00 1.500000e+01
      endloop
   endfacet
   facet normal 0.000000e+00 0.000000e+00 1.000000e+00
      outer loop
         vertex -2.112849e+00 9.969694e+00 1.500000e+01
         vertex 9.728093e+00 -3.550718e-01 1.500000e+01
         vertex -1.229834e+00 9.878918e+00 1.500000e+01
      endloop
   endfacet
   facet normal 0.000000e+00 0.000000e+00 1.000000e+00
      outer loop
         vertex 9.728093e+00 -3.550718e-01 1.500000e+01
         vertex 9.517924e+00 5.073580e-01 1.500000e+01
         vertex -1.229834e+00 9.878918e+00 1.500000e+01
      endloop
   endfacet
   facet normal 0.000000e+00 0.000000e+00 1.000000e+00
      outer loop
         vertex -1.229834e+00 9.878918e+00 1.500000e+01
         vertex 9.517924e+00 5.073580e-01 1.500000e+01
         vertex -3.550718e-01 9.728093e+00 1.500000e+01
      endloop
   endfacet
   facet normal 0.000000e+00 0.000000e+00 1.000000e+00
      outer loop
         vertex 9.517924e+00 5.073580e-01 1.500000e+01
         vertex 9.249392e+00 1.353435e+00 1.500000e+01
         vertex -3.550718e-01 9.728093e+00 1.500000e+01
      endloop
   endfacet
   facet normal 0.000000e+00 0.000000e+00 1.000000e+00
      outer loop
         vertex -3.550718e-01 9.728093e+00 1.500000e+01
         vertex 9.249392e+00 1.353435e+00 1.500000e+01
         vertex 5.073580e-01 9.517924e+00 1.500000e+01
      endloop
   endfacet
   facet normal 0.000000e+00 0.000000e+00 1.000000e+00
      outer loop
         vertex 9.249392e+00 1.353435e+00 1.500000e+01
         vertex 8.923747e+00 2.179214e+00 1.500000e+01
         vertex 5.073580e-01 9.517924e+00 1.500000e+01
      endloop
   endfacet
   facet normal 0.000000e+00 0.000000e+00 1.000000e+00
      outer loop
         vertex 5.073580e-01 9.517924e+00 1.500000e+01
         vertex 8.923747e+00 2.179214e+00 1.500000e+01
         vertex 1.353435e+00 9.249392e+00 1.500000e+01
      endloop
   endfacet
   facet normal 0.000000e+00 0.000000e+00 1.000000e+00
      outer loop
         vertex 8.923747e+00 2.179214e+00 1.500000e+01
         vertex 8.542508e+00 2.980845e+00 1.500000e+01
         vertex 1.353435e+00 9.249392e+00 1.500000e+01
      endloop
   endfacet
   facet normal 0.000000e+00 0.000000e+00 1.000000e+00
      outer loop
         vertex 1.353435e+00 9.249392e+00 1.500000e+01
         vertex 8.542508e+00 2.980845e+00 1.500000e+01
         vertex 2.179214e+00 8.923747e+00 1.500000e+01
      endloop
   endfacet
   facet normal 0.000000e+00 0.000000e+00 1.000000e+00
      outer loop
         vertex 8.542508e+00 2.980845e+00 1.500000e+01
         vertex 8.107452e+00 3.754591e+00 1.500000e+01
         vertex 2.179214e+00 8.923747e+00 1.500000e+01
      endloop
   endfacet
   facet normal 0.000000e+00 0.000000e+00 1.000000e+00
      outer loop
         vertex 2.179214e+00 8.923747e+00 1.500000e+01
         vertex 8.107452e+00 3.754591e+00 1.500000e+01
         vertex 2.980845e+00 8.542508e+00 1.500000e+01
      endloop
   endfacet
   facet normal 0.000000e+00 0.000000e+00 1.000000e+00
      outer loop
         vertex 8.107452e+00 3.754591e+00 1.500000e+01
         vertex 7.620609e+00 4.496844e+00 1.500000e+01
         vertex 2.980845e+00 8.542508e+00 1.500000e+01
      endloop
   endfacet
   facet normal 0.000000e+00 0.000000e+00 1.000000e+00
      outer loop
         vertex 2.980845e+00 8.542508e+00 1.500000e+01
         vertex 7.620609e+00 4.496844e+00 1.500000e+01
         vertex 3.754591e+00 8.107452e+00 1.500000e+01
      endloop
   endfacet
   facet normal 0.000000e+00 0.000000e+00 1.000000e+00
      outer loop
         vertex 7.620609e+00 4.496844e+00 1.500000e+01
         vertex 7.084247e+00 5.204143e+00 1.500000e+01
         vertex 3.754591e+00 8.107452e+00 1.500000e+01
      endloop
   endfacet
   facet normal 0.000000e+00 0.000000e+00 1.000000e+00
      outer loop
         vertex 3.754591e+00 8.107452e+00 1.500000e+01
         vertex 7.084247e+00 5.204143e+00 1.500000e+01
         vertex 4.496844e+00 7.620609e+00 1.500000e+01
      endloop
   endfacet
   facet normal 0.000000e+00 0.000000e+00 1.000000e+00
      outer loop
         vertex 7.084247e+00 5.204143e+00 1.500000e+01
         vertex 6.500867e+00 5.873191e+00 1.500000e+01
         vertex 4.496844e+00 7.620609e+00 1.500000e+01
      endloop
   endfacet
   facet normal 0.000000e+00 0.000000e+00 1.000000e+00
      outer loop
         vertex 4.496844e+00 7.620609e+00 1.500000e+01
         vertex 6.500867e+00 5.873191e+00 1.500000e+01
         vertex 5.204143e+00 7.084247e+00 1.500000e+01
      endloop
   endfacet
   facet normal 0.000000e+00 0.000000e+00 1.000000e+00
      outer loop
         vertex 6.500867e+00 5.873191e+00 1.500000e+01
         vertex 5.873191e+00 6.500867e+00 1.500000e+01
         vertex 5.204143e+00 7.084247e+00 1.500000e+01
      endloop
   endfacet
   facet normal 4.440892e-17 4.440892e-17 -1.000000e+00
      outer loop
         vertex -2.500000e+01 2.409400e-15 0.000000e+00
         vertex -2.500000e+01 1.000000e+01 4.440892e-16
         vertex -1.227742e-16 -2.500000e+01 0.000000e+00
      endloop
   endfacet
   facet normal -2.018587e-17 -1.730218e-18 -1.000000e+00
      outer loop
         vertex -2.500000e+01 1.000000e+01 4.440892e-16
         vertex -3.000000e+00 1.000000e+01 0.000000e+00
         vertex -1.227742e-16 -2.500000e+01 0.000000e+00
      endloop
   endfacet
   facet normal 0.000000e+00 0.000000e+00 -1.000000e+00
      outer loop
         vertex -1.227742e-16 -2.500000e+01 0.000000e+00
         vertex -3.000000e+00 1.000000e+01 0.000000e+00
         vertex 1.000000e+01 -2.500000e+01 0.000000e+00
      endloop
   endfacet
   facet normal -0.000000e+00 -0.000000e+00 -1.000000e+00
      outer loop
         vertex -3.000000e+00 1.000000e+01 0.000000e+00
         vertex -2.112849e+00 9.969694e+00 0.000000e+00
         vertex 1.000000e+01 -2.500000e+01 0.000000e+00
      endloop
   endfacet
   facet normal 0.000000e+00 0.000000e+00 -1.000000e+00
      outer loop
         vertex 1.000000e+01 -2.500000e+01 0.000000e+00
         vertex -2.112849e+00 9.969694e+00 0.000000e+00
         vertex 1.000000e+01 -3.000000e+00 0.000000e+00
      endloop
   endfacet
   facet normal -0.000000e+00 -0.000000e+00 -1.000000e+00
      outer loop
         vertex -2.112849e+00 9.969694e+00 0.000000e+00
         vertex -1.229834e+00 9.878918e+00 0.000000e+00
         vertex 1.000000e+01 -3.000000e+00 0.000000e+00
      endloop
   endfacet
   facet normal 0.000000e+00 0.000000e+00 -1.000000e+00
      outer loop
         vertex 1.000000e+01 -3.000000e+00 0.000000e+00
         vertex -1.229834e+00 9.878918e+00 0.000000e+00
         vertex 9.969694e+00 -2.112849e+00 0.000000e+00
      endloop
   endfacet
   facet normal -0.000000e+00 -0.000000e+00 -1.000000e+00
      outer loop
         vertex -1.229834e+00 9.878918e+00 0.000000e+00
         vertex -3.550718e-01 9.728093e+00 0.000000e+00
         vertex 9.969694e+00 -2.112849e+00 0.000000e+00
      endloop
   endfacet
   facet normal 0.000000e+00 0.000000e+00 -1.000000e+00
      outer loop
         vertex 9.969694e+00 -2.112849e+00 0.000000e+00
         vertex -3.550718e-01 9.728093e+00 0.000000e+00
         vertex 9.878918e+00 -1.229834e+00 0.000000e+00
      endloop
   endfacet
   facet normal -0.000000e+00 -0.000000e+00 -1.000000e+00
      outer loop
         vertex -3.550718e-01 9.728093e+00 0.000000e+00
         vertex 5.073580e-01 9.517924e+00 0.000000e+00
         vertex 9.878918e+00 -1.229834e+00 0.000000e+00
      endloop
   endfacet
   facet normal 0.000000e+00 0.000000e+00 -1.000000e+00
      outer loop
         vertex 9.878918e+00 -1.229834e+00 0.000000e+00
         vertex 5.073580e-01 9.517924e+00 0.000000e+00
         vertex 9.728093e+00 -3.550718e-01 0.000000e+00
      endloop
   endfacet
   facet normal -0.000000e+00 -0.000000e+00 -1.000000e+00
      outer loop
         vertex 5.073580e-01 9.517924e+00 0.000000e+00
         vertex 1.353435e+00 9.249392e+00 0.000000e+00
         vertex 9.728093e+00 -3.550718e-01 0.000000e+00
      endloop
   endfacet
   facet normal 0.000000e+00 0.000000e+00 -1.000000e+00
      outer loop
         vertex 9.728093e+00 -3.550718e-01 0.000000e+00
         vertex 1.353435e+00 9.249392e+00 0.000000e+00
         vertex 9.517924e+00 5.073580e-01 0.000000e+00
      endloop
   endfacet
   facet normal -0.000000e+00 -0.000000e+00 -1.000000e+00
      outer loop
         vertex 1.353435e+00 9.249392e+00 0.000000e+00
         vertex 2.179214e+00 8.923747e+00 0.000000e+00
         vertex 9.517924e+00 5.073580e-01 0.000000e+00
      endloop
   endfacet
   facet normal 0.000000e+00 0.000000e+00 -1.000000e+00
      outer loop
         vertex 9.517924e+00 5.073580e-01 0.000000e+00
         vertex 2.179214e+00 8.923747e+00 0.000000e+00
         vertex 9.249392e+00 1.353435e+00 0.000000e+00
      endloop
   endfacet
   facet normal -0.000000e+00 -0.000000e+00 -1.000000e+00
      outer loop
         vertex 2.179214e+00 8.923747e+00 0.000000e+00
         vertex 2.980845e+00 8.542508e+00 0.000000e+00
         vertex 9.249392e+00 1.353435e+00 0.000000e+00
      endloop
   endfacet
   facet normal 0.000000e+00 0.000000e+00 -1.000000e+00
      outer loop
         vertex 9.249392e+00 1.353435e+00 0.000000e+00
         vertex 2.980845e+00 8.542508e+00 0.000000e+00
         vertex 8.923747e+00 2.179214e+00 0.000000e+00
      endloop
   endfacet
   facet normal -0.000000e+00 -0.000000e+00 -1.000000e+00
      outer loop
         vertex 2.980845e+00 8.542508e+00 0.000000e+00
         vertex 3.754591e+00 8.107452e+00 0.000000e+00
         vertex 8.923747e+00 2.179214e+00 0.000000e+00
      endloop
   endfacet
   facet normal 0.000000e+00 0.000000e+00 -1.000000e+00
      outer loop
         vertex 8.923747e+00 2.179214e+00 0.000000e+00
         vertex 3.754591e+00 8.107452e+00 0.000000e+00
         vertex 8.542508e+00 2.980845e+00 0.000000e+00
      endloop
   endfacet
   facet normal -0.000000e+00 -0.000000e+00 -1.000000e+00
      outer loop
         vertex 3.754591e+00 8.107452e+00 0.000000e+00
         vertex 4.496844e+00 7.620609e+00 0.000000e+00
         vertex 8.542508e+00 2.980845e+00 0.000000e+00
      endloop
   endfacet
   facet normal 0.000000e+00 0.000000e+00 -1.000000e+00
      outer loop
         vertex 8.542508e+00 2.980845e+00 0.000000e+00
         vertex 4.496844e+00 7.620609e+00 0.000000e+00
         vertex 8.107452e+00 3.754591e+00 0.000000e+00
      endloop
   endfacet
   facet normal -0.000000e+00 -0.000000e+00 -1.000000e+00
      outer loop
         vertex 4.496844e+00 7.620609e+00 0.000000e+00
         vertex 5.204143e+00 7.084247e+00 0.000000e+00
         vertex 8.107452e+00 3.754591e+00 0.000000e+00
      endloop
   endfacet
   facet normal 0.000000e+00 0.000000e+00 -1.000000e+00
      outer loop
         vertex 8.107452e+00 3.754591e+00 0.000000e+00
         vertex 5.204143e+00 7.084247e+00 0.000000e+00
         vertex 7.620609e+00 4.496844e+00 0.000000e+00
      endloop
   endfacet
   facet normal -0.000000e+00 -0.000000e+00 -1.000000e+00
      outer loop
         vertex 5.204143e+00 7.084247e+00 0.000000e+00
         vertex 5.873191e+00 6.500867e+00 0.000000e+00
         vertex 7.620609e+00 4.496844e+00 0.000000e+00
      endloop
   endfacet
   facet normal 0.000000e+00 0.000000e+00 -1.000000e+00
      outer loop
         vertex 7.620609e+00 4.496844e+00 0.000000e+00
         vertex 5.873191e+00 6.500867e+00 0.000000e+00
         vertex 7.084247e+00 5.204143e+00 0.000000e+00
      endloop
   endfacet
   facet normal -0.000000e+00 -0.000000e+00 -1.000000e+00
      outer loop
         vertex 5.873191e+00 6.500867e+00 0.000000e+00
         vertex 6.500867e+00 5.873191e+00 0.000000e+00
         vertex 7.084247e+00 5.204143e+00 0.000000e+00
      endloop
   endfacet
   facet normal 9.993628e-01 3.569254e-02 0.000000e+00
      outer loop
         vertex 1.495414e+01 -1.715895e+00 5.000000e+00
         vertex 1.495414e+01 -1.715895e+00 1.000000e+01
         vertex 1.500000e+01 -3.000000e+00 1.000000e+01
      endloop
   endfacet
   facet normal 9.993628e-01 3.569254e-02 0.000000e+00
      outer loop
         vertex 1.500000e+01 -3.000000e+00 5.000000e+00
         vertex 1.495414e+01 -1.715895e+00 5.000000e+00
         vertex 1.500000e+01 -3.000000e+00 1.000000e+01
      endloop
   endfacet
   facet normal 9.942703e-01 1.068950e-01 0.000000e+00
      outer loop
         vertex 1.481679e+01 -4.383329e-01 5.000000e+00
         vertex 1.481679e+01 -4.383329e-01 1.000000e+01
         vertex 1.495414e+01 -1.715895e+00 1.000000e+01
      endloop
   endfacet
   facet normal 9.942703e-01 1.068950e-01 0.000000e+00
      outer loop
         vertex 1.495414e+01 -1.715895e+00 5.000000e+00
         vertex 1.481679e+01 -4.383329e-01 5.000000e+00
         vertex 1.495414e+01 -1.715895e+00 1.000000e+01
      endloop
   endfacet
   facet normal 9.841113e-01 1.775528e-01 0.000000e+00
      outer loop
         vertex 1.458864e+01 8.261752e-01 5.000000e+00
         vertex 1.458864e+01 8.261752e-01 1.000000e+01
         vertex 1.481679e+01 -4.383329e-01 1.000000e+01
      endloop
   endfacet
   facet normal 9.841113e-01 1.775528e-01 0.000000e+00
      outer loop
         vertex 1.481679e+01 -4.383329e-01 5.000000e+00
         vertex 1.458864e+01 8.261752e-01 5.000000e+00
         vertex 1.481679e+01 -4.383329e-01 1.000000e+01
      endloop
   endfacet
   facet normal 9.689371e-01 2.473071e-01 0.000000e+00
      outer loop
         vertex 1.427087e+01 2.071186e+00 5.000000e+00
         vertex 1.427087e+01 2.071186e+00 1.000000e+01
         vertex 1.458864e+01 8.261752e-01 1.000000e+01
      endloop
   endfacet
   facet normal 9.689371e-01 2.473071e-01 0.000000e+00
      outer loop
         vertex 1.458864e+01 8.261752e-01 5.000000e+00
         vertex 1.427087e+01 2.071186e+00 5.000000e+00
         vertex 1.458864e+01 8.261752e-01 1.000000e+01
      endloop
   endfacet
   facet normal 9.488260e-01 3.157992e-01 0.000000e+00
      outer loop
         vertex 1.386510e+01 3.290355e+00 5.000000e+00
         vertex 1.386510e+01 3.290355e+00 1.000000e+01
         vertex 1.427087e+01 2.071186e+00 1.000000e+01
      endloop
   endfacet
   facet normal 9.488260e-01 3.157992e-01 0.000000e+00
      outer loop
         vertex 1.427087e+01 2.071186e+00 5.000000e+00
         vertex 1.386510e+01 3.290355e+00 5.000000e+00
         vertex 1.427087e+01 2.071186e+00 1.000000e+01
      endloop
   endfacet
   facet normal 9.238795e-01 3.826835e-01 0.000000e+00
      outer loop
         vertex 1.337338e+01 4.477470e+00 5.000000e+00
         vertex 1.337338e+01 4.477470e+00 1.000000e+01
         vertex 1.386510e+01 3.290355e+00 1.000000e+01
      endloop
   endfacet
   facet normal 9.238795e-01 3.826835e-01 0.000000e+00
      outer loop
         vertex 1.386510e+01 3.290355e+00 5.000000e+00
         vertex 1.337338e+01 4.477470e+00 5.000000e+00
         vertex 1.386510e+01 3.290355e+00 1.000000e+01
      endloop
   endfacet
   facet normal 8.942251e-01 4.476175e-01 0.000000e+00
      outer loop
         vertex 1.279822e+01 5.626482e+00 5.000000e+00
         vertex 1.279822e+01 5.626482e+00 1.000000e+01
         vertex 1.337338e+01 4.477470e+00 1.000000e+01
      endloop
   endfacet
   facet normal 8.942251e-01 4.476175e-01 0.000000e+00
      outer loop
         vertex 1.337338e+01 4.477470e+00 5.000000e+00
         vertex 1.279822e+01 5.626482e+00 5.000000e+00
         vertex 1.337338e+01 4.477470e+00 1.000000e+01
      endloop
   endfacet
   facet normal 8.600144e-01 5.102698e-01 0.000000e+00
      outer loop
         vertex 1.214256e+01 6.731534e+00 5.000000e+00
         vertex 1.214256e+01 6.731534e+00 1.000000e+01
         vertex 1.279822e+01 5.626482e+00 1.000000e+01
      endloop
   endfacet
   facet normal 8.600144e-01 5.102698e-01 0.000000e+00
      outer loop
         vertex 1.279822e+01 5.626482e+00 5.000000e+00
         vertex 1.214256e+01 6.731534e+00 5.000000e+00
         vertex 1.279822e+01 5.626482e+00 1.000000e+01
      endloop
   endfacet
   facet normal 8.214207e-01 5.703227e-01 0.000000e+00
      outer loop
         vertex 1.140974e+01 7.786998e+00 5.000000e+00
         vertex 1.140974e+01 7.786998e+00 1.000000e+01
         vertex 1.214256e+01 6.731534e+00 1.000000e+01
      endloop
   endfacet
   facet normal 8.214207e-01 5.703227e-01 0.000000e+00
      outer loop
         vertex 1.214256e+01 6.731534e+00 5.000000e+00
         vertex 1.140974e+01 7.786998e+00 5.000000e+00
         vertex 1.214256e+01 6.731534e+00 1.000000e+01
      endloop
   endfacet
   facet normal 7.786416e-01 6.274689e-01 0.000000e+00
      outer loop
         vertex 1.060349e+01 8.787493e+00 5.000000e+00
         vertex 1.060349e+01 8.787493e+00 1.000000e+01
         vertex 1.140974e+01 7.786998e+00 1.000000e+01
      endloop
   endfacet
   facet normal 7.786416e-01 6.274689e-01 0.000000e+00
      outer loop
         vertex 1.140974e+01 7.786998e+00 5.000000e+00
         vertex 1.060349e+01 8.787493e+00 5.000000e+00
         vertex 1.140974e+01 7.786998e+00 1.000000e+01
      endloop
   endfacet
   facet normal 7.318948e-01 6.814176e-01 0.000000e+00
      outer loop
         vertex 9.727922e+00 9.727922e+00 5.000000e+00
         vertex 9.727922e+00 9.727922e+00 1.000000e+01
         vertex 1.060349e+01 8.787493e+00 1.000000e+01
      endloop
   endfacet
   facet normal 7.318948e-01 6.814176e-01 0.000000e+00
      outer loop
         vertex 1.060349e+01 8.787493e+00 5.000000e+00
         vertex 9.727922e+00 9.727922e+00 5.000000e+00
         vertex 1.060349e+01 8.787493e+00 1.000000e+01
      endloop
   endfacet
   facet normal 6.814176e-01 7.318948e-01 0.000000e+00
      outer loop
         vertex 8.787493e+00 1.060349e+01 5.000000e+00
         vertex 8.787493e+00 1.060349e+01 1.000000e+01
         vertex 9.727922e+00 9.727922e+00 1.000000e+01
      endloop
   endfacet
   facet normal 6.814176e-01 7.318948e-01 0.000000e+00
      outer loop
         vertex 9.727922e+00 9.727922e+00 5.000000e+00
         vertex 8.787493e+00 1.060349e+01 5.000000e+00
         vertex 9.727922e+00 9.727922e+00 1.000000e+01
      endloop
   endfacet
   facet normal 6.274689e-01 7.786416e-01 0.000000e+00
      outer loop
         vertex 7.786998e+00 1.140974e+01 5.000000e+00
         vertex 7.786998e+00 1.140974e+01 1.000000e+01
         vertex 8.787493e+00 1.060349e+01 1.000000e+01
      endloop
   endfacet
   facet normal 6.274689e-01 7.786416e-01 0.000000e+00
      outer loop
         vertex 8.787493e+00 1.060349e+01 5.000000e+00
         vertex 7.786998e+00 1.140974e+01 5.000000e+00
         vertex 8.787493e+00 1.060349e+01 1.000000e+01
      endloop
   endfacet
   facet normal 5.703227e-01 8.214207e-01 0.000000e+00
      outer loop
         vertex 6.731534e+00 1.214256e+01 5.000000e+00
         vertex 6.731534e+00 1.214256e+01 1.000000e+01
         vertex 7.786998e+00 1.140974e+01 1.000000e+01
      endloop
   endfacet
   facet normal 5.703227e-01 8.214207e-01 0.000000e+00
      outer loop
         vertex 7.786998e+00 1.140974e+01 5.000000e+00
         vertex 6.731534e+00 1.214256e+01 5.000000e+00
         vertex 7.786998e+00 1.140974e+01 1.000000e+01
      endloop
   endfacet
   facet normal 5.102698e-01 8.600144e-01 0.000000e+00
      outer loop
         vertex 5.626482e+00 1.279822e+01 5.000000e+00
         vertex 5.626482e+00 1.279822e+01 1.000000e+01
         vertex 6.731534e+00 1.214256e+01 1.000000e+01
      endloop
   endfacet
   facet normal 5.102698e-01 8.600144e-01 0.000000e+00
      outer loop
         vertex 6.731534e+00 1.214256e+01 5.000000e+00
         vertex 5.626482e+00 1.279822e+01 5.000000e+00
         vertex 6.731534e+00 1.214256e+01 1.000000e+01
      endloop
   endfacet
   facet normal 4.476175e-01 8.942251e-01 0.000000e+00
      outer loop
         vertex 4.477470e+00 1.337338e+01 5.000000e+00
         vertex 4.477470e+00 1.337338e+01 1.000000e+01
         vertex 5.626482e+00 1.279822e+01 1.000000e+01
      endloop
   endfacet
   facet normal 4.476175e-01 8.942251e-01 0.000000e+00
      outer loop
         vertex 5.626482e+00 1.279822e+01 5.000000e+00
         vertex 4.477470e+00 1.337338e+01 5.000000e+00
         vertex 5.626482e+00 1.279822e+01 1.000000e+01
      endloop
   endfacet
   facet normal 3.826835e-01 9.238795e-01 0.000000e+00
      outer loop
         vertex 3.290355e+00 1.386510e+01 5.000000e+00
         vertex 3.290355e+00 1.386510e+01 1.000000e+01
         vertex 4.477470e+00 1.337338e+01 1.000000e+01
      endloop
   endfacet
   facet normal 3.826835e-01 9.238795e-01 0.000000e+00
      outer loop
         vertex 4.477470e+00 1.337338e+01 5.000000e+00
         vertex 3.290355e+00 1.386510e+01 5.000000e+00
         vertex 4.477470e+00 1.337338e+01 1.000000e+01
      endloop
   endfacet
   facet normal 3.157992e-01 9.488260e-01 0.000000e+00
      outer loop
         vertex 2.071186e+00 1.427087e+01 5.000000e+00
         vertex 2.071186e+00 1.427087e+01 1.000000e+01
         vertex 3.290355e+00 1.386510e+01 1.000000e+01
      endloop
   endfacet
   facet normal 3.157992e-01 9.488260e-01 0.000000e+00
      outer loop
         vertex 3.290355e+00 1.386510e+01 5.000000e+00
         vertex 2.071186e+00 1.427087e+01 5.000000e+00
         vertex 3.290355e+00 1.386510e+01 1.000000e+01
      endloop
   endfacet
   facet normal 2.473071e-01 9.689371e-01 0.000000e+00
      outer loop
         vertex 8.261752e-01 1.458864e+01 5.000000e+00
         vertex 8.261752e-01 1.458864e+01 1.000000e+01
         vertex 2.071186e+00 1.427087e+01 1.000000e+01
      endloop
   endfacet
   facet normal 2.473071e-01 9.689371e-01 0.000000e+00
      outer loop
         vertex 2.071186e+00 1.427087e+01 5.000000e+00
         vertex 8.261752e-01 1.458864e+01 5.000000e+00
         vertex 2.071186e+00 1.427087e+01 1.000000e+01
      endloop
   endfacet
   facet normal 1.775528e-01 9.841113e-01 0.000000e+00
      outer loop
         vertex -4.383329e-01 1.481679e+01 5.000000e+00
         vertex -4.383329e-01 1.481679e+01 1.000000e+01
         vertex 8.261752e-01 1.458864e+01 1.000000e+01
      endloop
   endfacet
   facet normal 1.775528e-01 9.841113e-01 0.000000e+00
      outer loop
         vertex 8.261752e-01 1.458864e+01 5.000000e+00
         vertex -4.383329e-01 1.481679e+01 5.000000e+00
         vertex 8.261752e-01 1.458864e+01 1.000000e+01
      endloop
   endfacet
   facet normal 1.068950e-01 9.942703e-01 0.000000e+00
      outer loop
         vertex -1.715895e+00 1.495414e+01 5.000000e+00
         vertex -1.715895e+00 1.495414e+01 1.000000e+01
         vertex -4.383329e-01 1.481679e+01 1.000000e+01
      endloop
   endfacet
   facet normal 1.068950e-01 9.942703e-01 0.000000e+00
      outer loop
         vertex -4.383329e-01 1.481679e+01 5.000000e+00
         vertex -1.715895e+00 1.495414e+01 5.000000e+00
         vertex -4.383329e-01 1.481679e+01 1.000000e+01
      endloop
   endfacet
   facet normal 3.569254e-02 9.993628e-01 0.000000e+00
      outer loop
         vertex -3.000000e+00 1.500000e+01 5.000000e+00
         vertex -3.000000e+00 1.500000e+01 1.000000e+01
         vertex -1.715895e+00 1.495414e+01 1.000000e+01
      endloop
   endfacet
   facet normal 3.569254e-02 9.993628e-01 0.000000e+00
      outer loop
         vertex -1.715895e+00 1.495414e+01 5.000000e+00
         vertex -3.000000e+00 1.500000e+01 5.000000e+00
         vertex -1.715895e+00 1.495414e+01 1.000000e+01
      endloop
   endfacet
   facet normal -0.000000e+00 -1.000000e+00 0.000000e+00
      outer loop
         vertex -1.227742e-16 -2.500000e+01 0.000000e+00
         vertex 2.982481e+00 -2.500000e+01 6.032169e+00
         vertex -1.227742e-16 -2.500000e+01 1.500000e+01
      endloop
   endfacet
   facet normal -0.000000e+00 -1.000000e+00 -0.000000e+00
      outer loop
         vertex 2.982481e+00 -2.500000e+01 6.032169e+00
         vertex 2.891095e+00 -2.500000e+01 6.350871e+00
         vertex -1.227742e-16 -2.500000e+01 1.500000e+01
      endloop
   endfacet
   facet normal 0.000000e+00 -1.000000e+00 0.000000e+00
      outer loop
         vertex -1.227742e-16 -2.500000e+01 1.500000e+01
         vertex 4.708020e+00 -2.500000e+01 1.134283e+01
         vertex 1.000000e+01 -2.500000e+01 1.500000e+01
      endloop
   endfacet
   facet normal -0.000000e+00 -1.000000e+00 0.000000e+00
      outer loop
         vertex 4.708020e+00 -2.500000e+01 1.134283e+01
         vertex 4.982883e+00 -2.500000e+01 1.152823e+01
         vertex 1.000000e+01 -2.500000e+01 1.500000e+01
      endloop
   endfacet
   facet normal 0.000000e+00 -1.000000e+00 0.000000e+00
      outer loop
         vertex 1.000000e+01 -2.500000e+01 1.500000e+01
         vertex 4.982883e+00 -2.500000e+01 1.152823e+01
         vertex 1.034121e+01 -2.500000e+01 1.498834e+01
      endloop
   endfacet
   facet normal -0.000000e+00 -1.000000e+00 0.000000e+00
      outer loop
         vertex 4.982883e+00 -2.500000e+01 1.152823e+01
         vertex 5.270010e+00 -2.500000e+01 1.169400e+01
         vertex 1.034121e+01 -2.500000e+01 1.498834e+01
      endloop
   endfacet
   facet normal 0.000000e+00 -1.000000e+00 0.000000e+00
      outer loop
         vertex 1.034121e+01 -2.500000e+01 1.498834e+01
         vertex 5.270010e+00 -2.500000e+01 1.169400e+01
         vertex 1.068083e+01 -2.500000e+01 1.495343e+01
      endloop
   endfacet
   facet normal -0.000000e+00 -1.000000e+00 0.000000e+00
      outer loop
         vertex 5.270010e+00 -2.500000e+01 1.169400e+01
         vertex 5.568001e+00 -2.500000e+01 1.183934e+01
         vertex 1.068083e+01 -2.500000e+01 1.495343e+01
      endloop
   endfacet
   facet normal 0.000000e+00 -1.000000e+00 0.000000e+00
      outer loop
         vertex 1.068083e+01 -2.500000e+01 1.495343e+01
         vertex 5.568001e+00 -2.500000e+01 1.183934e+01
         vertex 1.101728e+01 -2.500000e+01 1.489542e+01
      endloop
   endfacet
   facet normal -0.000000e+00 -1.000000e+00 0.000000e+00
      outer loop
         vertex 5.568001e+00 -2.500000e+01 1.183934e+01
         vertex 5.875404e+00 -2.500000e+01 1.196354e+01
         vertex 1.101728e+01 -2.500000e+01 1.489542e+01
      endloop
   endfacet
   facet normal 0.000000e+00 -1.000000e+00 0.000000e+00
      outer loop
         vertex 1.101728e+01 -2.500000e+01 1.489542e+01
         vertex 5.875404e+00 -2.500000e+01 1.196354e+01
         vertex 1.134898e+01 -2.500000e+01 1.481459e+01
      endloop
   endfacet
   facet normal -0.000000e+00 -1.000000e+00 0.000000e+00
      outer loop
         vertex 5.875404e+00 -2.500000e+01 1.196354e+01
         vertex 6.190722e+00 -2.500000e+01 1.206599e+01
         vertex 1.134898e+01 -2.500000e+01 1.481459e+01
      endloop
   endfacet
   facet normal 0.000000e+00 -1.000000e+00 0.000000e+00
      outer loop
         vertex 1.134898e+01 -2.500000e+01 1.481459e+01
         vertex 6.190722e+00 -2.500000e+01 1.206599e+01
         vertex 1.167440e+01 -2.500000e+01 1.471130e+01
      endloop
   endfacet
   facet normal -0.000000e+00 -1.000000e+00 0.000000e+00
      outer loop
         vertex 6.190722e+00 -2.500000e+01 1.206599e+01
         vertex 6.512420e+00 -2.500000e+01 1.214620e+01
         vertex 1.167440e+01 -2.500000e+01 1.471130e+01
      endloop
   endfacet
   facet normal 0.000000e+00 -1.000000e+00 0.000000e+00
      outer loop
         vertex 1.167440e+01 -2.500000e+01 1.471130e+01
         vertex 6.512420e+00 -2.500000e+01 1.214620e+01
         vertex 1.199201e+01 -2.500000e+01 1.458606e+01
      endloop
   endfacet
   facet normal -0.000000e+00 -1.000000e+00 0.000000e+00
      outer loop
         vertex 6.512420e+00 -2.500000e+01 1.214620e+01
         vertex 6.838928e+00 -2.500000e+01 1.220377e+01
         vertex 1.199201e+01 -2.500000e+01 1.458606e+01
      endloop
   endfacet
   facet normal 0.000000e+00 -1.000000e+00 0.000000e+00
      outer loop
         vertex 1.199201e+01 -2.500000e+01 1.458606e+01
         vertex 6.838928e+00 -2.500000e+01 1.220377e+01
         vertex 1.230033e+01 -2.500000e+01 1.443943e+01
      endloop
   endfacet
   facet normal -0.000000e+00 -1.000000e+00 0.000000e+00
      outer loop
         vertex 6.838928e+00 -2.500000e+01 1.220377e+01
         vertex 7.168657e+00 -2.500000e+01 1.223843e+01
         vertex 1.230033e+01 -2.500000e+01 1.443943e+01
      endloop
   endfacet
   facet normal 0.000000e+00 -1.000000e+00 0.000000e+00
      outer loop
         vertex 1.230033e+01 -2.500000e+01 1.443943e+01
         vertex 7.168657e+00 -2.500000e+01 1.223843e+01
         vertex 1.259792e+01 -2.500000e+01 1.427210e+01
      endloop
   endfacet
   facet normal -0.000000e+00 -1.000000e+00 0.000000e+00
      outer loop
         vertex 7.168657e+00 -2.500000e+01 1.223843e+01
         vertex 7.500000e+00 -2.500000e+01 1.225000e+01
         vertex 1.259792e+01 -2.500000e+01 1.427210e+01
      endloop
   endfacet
   facet normal 0.000000e+00 -1.000000e+00 0.000000e+00
      outer loop
         vertex 1.259792e+01 -2.500000e+01 1.427210e+01
         vertex 7.500000e+00 -2.500000e+01 1.225000e+01
         vertex 1.288340e+01 -2.500000e+01 1.408485e+01
      endloop
   endfacet
   facet normal 0.000000e+00 -1.000000e+00 0.000000e+00
      outer loop
         vertex 7.500000e+00 -2.500000e+01 1.225000e+01
         vertex 7.831343e+00 -2.500000e+01 1.223843e+01
         vertex 1.288340e+01 -2.500000e+01 1.408485e+01
      endloop
   endfacet
   facet normal 0.000000e+00 -1.000000e+00 0.000000e+00
      outer loop
         vertex 1.288340e+01 -2.500000e+01 1.408485e+01
         vertex 7.831343e+00 -2.500000e+01 1.223843e+01
         vertex 1.315544e+01 -2.500000e+01 1.387856e+01
      endloop
   endfacet
   facet normal 0.000000e+00 -1.000000e+00 0.000000e+00
      outer loop
         vertex 7.831343e+00 -2.500000e+01 1.223843e+01
         vertex 8.161072e+00 -2.500000e+01 1.220377e+01
         vertex 1.315544e+01 -2.500000e+01 1.387856e+01
      endloop
   endfacet
   facet normal 0.000000e+00 -1.000000e+00 0.000000e+00
      outer loop
         vertex 1.315544e+01 -2.500000e+01 1.387856e+01
         vertex 8.161072e+00 -2.500000e+01 1.220377e+01
         vertex 1.341277e+01 -2.500000e+01 1.365418e+01
      endloop
   endfacet
   facet normal 0.000000e+00 -1.000000e+00 0.000000e+00
      outer loop
         vertex 8.161072e+00 -2.500000e+01 1.220377e+01
         vertex 8.487580e+00 -2.500000e+01 1.214620e+01
         vertex 1.341277e+01 -2.500000e+01 1.365418e+01
      endloop
   endfacet
   facet normal 0.000000e+00 -1.000000e+00 0.000000e+00
      outer loop
         vertex 1.341277e+01 -2.500000e+01 1.365418e+01
         vertex 8.487580e+00 -2.500000e+01 1.214620e+01
         vertex 1.365418e+01 -2.500000e+01 1.341277e+01
      endloop
   endfacet
   facet normal 0.000000e+00 -1.000000e+00 0.000000e+00
      outer loop
         vertex 8.487580e+00 -2.500000e+01 1.214620e+01
         vertex 8.809278e+00 -2.500000e+01 1.206599e+01
         vertex 1.365418e+01 -2.500000e+01 1.341277e+01
      endloop
   endfacet
   facet normal 0.000000e+00 -1.000000e+00 0.000000e+00
      outer loop
         vertex 1.365418e+01 -2.500000e+01 1.341277e+01
         vertex 8.809278e+00 -2.500000e+01 1.206599e+01
         vertex 1.387856e+01 -2.500000e+01 1.315544e+01
      endloop
   endfacet
   facet normal 0.000000e+00 -1.000000e+00 0.000000e+00
      outer loop
         vertex 8.809278e+00 -2.500000e+01 1.206599e+01
         vertex 9.124596e+00 -2.500000e+01 1.196354e+01
         vertex 1.387856e+01 -2.500000e+01 1.315544e+01
      endloop
   endfacet
   facet normal 0.000000e+00 -1.000000e+00 0.000000e+00
      outer loop
         vertex 1.387856e+01 -2.500000e+01 1.315544e+01
         vertex 9.124596e+00 -2.500000e+01 1.196354e+01
         vertex 1.408485e+01 -2.500000e+01 1.288340e+01
      endloop
   endfacet
   facet normal 0.000000e+00 -1.000000e+00 0.000000e+00
      outer loop
         vertex 9.124596e+00 -2.500000e+01 1.196354e+01
         vertex 9.431999e+00 -2.500000e+01 1.183934e+01
         vertex 1.408485e+01 -2.500000e+01 1.288340e+01
      endloop
   endfacet
   facet normal 0.000000e+00 -1.000000e+00 0.000000e+00
      outer loop
         vertex 1.408485e+01 -2.500000e+01 1.288340e+01
         vertex 9.431999e+00 -2.500000e+01 1.183934e+01
         vertex 1.427210e+01 -2.500000e+01 1.259792e+01
      endloop
   endfacet
   facet normal 0.000000e+00 -1.000000e+00 0.000000e+00
      outer loop
         vertex 9.431999e+00 -2.500000e+01 1.183934e+01
         vertex 9.729990e+00 -2.500000e+01 1.169400e+01
         vertex 1.427210e+01 -2.500000e+01 1.259792e+01
      endloop
   endfacet
   facet normal 0.000000e+00 -1.000000e+00 0.000000e+00
      outer loop
         vertex 1.427210e+01 -2.500000e+01 1.259792e+01
         vertex 9.729990e+00 -2.500000e+01 1.169400e+01
         vertex 1.443943e+01 -2.500000e+01 1.230033e+01
      endloop
   endfacet
   facet normal 0.000000e+00 -1.000000e+00 0.000000e+00
      outer loop
         vertex 9.729990e+00 -2.500000e+01 1.169400e+01
         vertex 1.001712e+01 -2.500000e+01 1.152823e+01
         vertex 1.443943e+01 -2.500000e+01 1.230033e+01
      endloop
   endfacet
   facet normal 0.000000e+00 -1.000000e+00 0.000000e+00
      outer loop
         vertex 1.443943e+01 -2.500000e+01 1.230033e+01
         vertex 1.001712e+01 -2.500000e+01 1.152823e+01
         vertex 1.458606e+01 -2.500000e+01 1.199201e+01
      endloop
   endfacet
   facet normal 0.000000e+00 -1.000000e+00 0.000000e+00
      outer loop
         vertex 1.001712e+01 -2.500000e+01 1.152823e+01
         vertex 1.029198e+01 -2.500000e+01 1.134283e+01
         vertex 1.458606e+01 -2.500000e+01 1.199201e+01
      endloop
   endfacet
   facet normal 0.000000e+00 -1.000000e+00 0.000000e+00
      outer loop
         vertex 1.458606e+01 -2.500000e+01 1.199201e+01
         vertex 1.029198e+01 -2.500000e+01 1.134283e+01
         vertex 1.471130e+01 -2.500000e+01 1.167440e+01
      endloop
   endfacet
   facet normal 0.000000e+00 -1.000000e+00 0.000000e+00
      outer loop
         vertex 1.029198e+01 -2.500000e+01 1.134283e+01
         vertex 1.055324e+01 -2.500000e+01 1.113871e+01
         vertex 1.471130e+01 -2.500000e+01 1.167440e+01
      endloop
   endfacet
   facet normal 0.000000e+00 -1.000000e+00 0.000000e+00
      outer loop
         vertex 1.471130e+01 -2.500000e+01 1.167440e+01
         vertex 1.055324e+01 -2.500000e+01 1.113871e+01
         vertex 1.481459e+01 -2.500000e+01 1.134898e+01
      endloop
   endfacet
   facet normal 0.000000e+00 -1.000000e+00 0.000000e+00
      outer loop
         vertex 1.055324e+01 -2.500000e+01 1.113871e+01
         vertex 1.079963e+01 -2.500000e+01 1.091686e+01
         vertex 1.481459e+01 -2.500000e+01 1.134898e+01
      endloop
   endfacet
   facet normal 0.000000e+00 -1.000000e+00 0.000000e+00
      outer loop
         vertex 1.481459e+01 -2.500000e+01 1.134898e+01
         vertex 1.079963e+01 -2.500000e+01 1.091686e+01
         vertex 1.489542e+01 -2.500000e+01 1.101728e+01
      endloop
   endfacet
   facet normal 0.000000e+00 -1.000000e+00 0.000000e+00
      outer loop
         vertex 1.079963e+01 -2.500000e+01 1.091686e+01
         vertex 1.102994e+01 -2.500000e+01 1.067837e+01
         vertex 1.489542e+01 -2.500000e+01 1.101728e+01
      endloop
   endfacet
   facet normal 0.000000e+00 -1.000000e+00 0.000000e+00
      outer loop
         vertex 1.489542e+01 -2.500000e+01 1.101728e+01
         vertex 1.102994e+01 -2.500000e+01 1.067837e+01
         vertex 1.495343e+01 -2.500000e+01 1.068083e+01
      endloop
   endfacet
   facet normal 0.000000e+00 -1.000000e+00 0.000000e+00
      outer loop
         vertex 1.102994e+01 -2.500000e+01 1.067837e+01
         vertex 1.124305e+01 -2.500000e+01 1.042439e+01
         vertex 1.495343e+01 -2.500000e+01 1.068083e+01
      endloop
   endfacet
   facet normal 0.000000e+00 -1.000000e+00 0.000000e+00
      outer loop
         vertex 1.495343e+01 -2.500000e+01 1.068083e+01
         vertex 1.124305e+01 -2.500000e+01 1.042439e+01
         vertex 1.498834e+01 -2.500000e+01 1.034121e+01
      endloop
   endfacet
   facet normal 0.000000e+00 -1.000000e+00 0.000000e+00
      outer loop
         vertex 1.124305e+01 -2.500000e+01 1.042439e+01
         vertex 1.143793e+01 -2.500000e+01 1.015617e+01
         vertex 1.498834e+01 -2.500000e+01 1.034121e+01
      endloop
   endfacet
   facet normal 0.000000e+00 -1.000000e+00 0.000000e+00
      outer loop
         vertex 1.498834e+01 -2.500000e+01 1.034121e+01
         vertex 1.143793e+01 -2.500000e+01 1.015617e+01
         vertex 1.500000e+01 -2.500000e+01 1.000000e+01
      endloop
   endfacet
   facet normal 0.000000e+00 -1.000000e+00 0.000000e+00
      outer loop
         vertex 1.143793e+01 -2.500000e+01 1.015617e+01
         vertex 1.161362e+01 -2.500000e+01 9.875000e+00
         vertex 1.500000e+01 -2.500000e+01 1.000000e+01
      endloop
   endfacet
   facet normal 0.000000e+00 -1.000000e+00 0.000000e+00
      outer loop
         vertex 1.500000e+01 -2.500000e+01 1.000000e+01
